"Geregistreerde misdrijven; soort misdrijf, wijk, buurt, jaarcijfers"
"Soort misdrijf: 1.4.3 Openlijk geweld (persoon)"
"Onderwerp: |Geregistreerde misdrijven"
"";"Perioden"
"";"2012";"2013";"2014";"2015";"2016";"2017";"2018";"2019";"2020";"2021";"2022";"2023"
"Wijken en buurten";"aantal";"aantal";"aantal";"aantal";"aantal";"aantal";"aantal";"aantal";"aantal";"aantal";"aantal";"aantal"
"Amsterdam";"356";"367";"291";"242";"276";"229";"228";"263";"170";"312";"319";"318"
"Haarlemmerbuurt";"3";"4";"2";"0";"2";"2";"2";"0";"1";"0";"1";"3"
"Planciusbuurt-Noord";"0";"0";"0";"0";"0";"0";"0";"0";"0";"0";"0";"0"
"Westelijke eilanden";"0";"0";"0";"0";"0";"0";"0";"0";"0";"0";"0";"0"
"Westerdokseiland";"0";"0";"0";"0";"1";"0";"1";"0";"1";"0";"0";"0"
"Planciusbuurt-Zuid";"0";"0";"0";"0";"0";"0";"0";"0";"0";"0";"0";"0"
"Haarlemmerbuurt-West";"2";"2";"1";"0";"0";"0";"1";"0";"0";"0";"1";"1"
"Haarlemmerbuurt-Oost";"1";"2";"1";"0";"1";"2";"0";"0";"0";"0";"0";"2"
"Jordaan";"10";"4";"7";"3";"5";"5";"2";"5";"2";"4";"9";"7"
"Marnixbuurt-Noord";"1";"0";"1";"0";"0";"0";"0";"0";"0";"1";"0";"0"
"Driehoekbuurt";"1";"0";"0";"0";"1";"0";"0";"0";"0";"1";"0";"1"
"Anjeliersbuurt-Noord";"0";"0";"1";"0";"0";"0";"0";"0";"0";"0";"4";"0"
"Zaagpoortbuurt";"0";"0";"0";"0";"0";"1";"0";"0";"0";"0";"1";"0"
"Anjeliersbuurt-Zuid";"2";"0";"0";"0";"0";"0";"0";"0";"0";"0";"1";"0"
"Marnixbuurt-Midden";"0";"1";"0";"0";"0";"0";"0";"0";"0";"0";"0";"0"
"Bloemgrachtbuurt";"1";"0";"1";"0";"0";"0";"0";"0";"1";"1";"0";"0"
"Groenmarktkadebuurt";"1";"1";"1";"0";"3";"0";"0";"3";"1";"0";"0";"2"
"Marnixbuurt-Zuid";"0";"1";"0";"0";"1";"0";"0";"0";"0";"0";"1";"0"
"Elandsgrachtbuurt";"3";"1";"2";"1";"0";"3";"1";"1";"0";"1";"1";"4"
"Passeerdersgrachtbuurt";"1";"0";"1";"2";"0";"1";"1";"1";"0";"0";"1";"0"
"Grachtengordel-West";"3";"4";"1";"4";"1";"3";"1";"2";"1";"2";"1";"1"
"Langestraat e.o.";"0";"0";"0";"1";"0";"1";"0";"0";"0";"2";"0";"0"
"Leliegracht e.o.";"2";"2";"0";"0";"1";"1";"0";"1";"1";"0";"0";"0"
"Felix Meritisbuurt";"1";"2";"1";"3";"0";"1";"1";"1";"0";"0";"1";"0"
"Leidsegracht-Noord";"0";"0";"0";"0";"0";"0";"0";"0";"0";"0";"0";"1"
"Burgwallen-Nieuwe Zijde";"23";"31";"21";"22";"25";"18";"13";"22";"11";"14";"27";"23"
"Stationsplein e.o.";"8";"6";"6";"5";"9";"6";"5";"5";"3";"3";"20";"10"
"Hemelrijk";"1";"3";"2";"0";"1";"2";"0";"2";"1";"0";"1";"1"
"Nieuwendijk-Noord";"4";"7";"3";"3";"2";"4";"1";"3";"3";"4";"3";"3"
"Spuistraat-Noord";"1";"1";"1";"1";"0";"1";"1";"2";"0";"1";"0";"0"
"Nieuwe Kerk e.o.";"5";"6";"2";"1";"6";"2";"1";"4";"4";"4";"0";"5"
"Spuistraat-Zuid";"0";"2";"2";"4";"1";"0";"0";"0";"0";"0";"0";"1"
"Begijnhofbuurt";"1";"3";"3";"4";"3";"0";"2";"2";"0";"1";"1";"2"
"Kalverdriehoek";"3";"3";"2";"4";"3";"3";"3";"4";"0";"1";"2";"1"
"Burgwallen-Oude Zijde";"36";"57";"15";"14";"18";"15";"26";"13";"8";"4";"12";"16"
"Kop Zeedijk";"7";"11";"3";"4";"2";"7";"4";"0";"0";"0";"0";"4"
"Oude Kerk e.o.";"9";"39";"7";"9";"8";"4";"9";"6";"3";"3";"6";"6"
"Burgwallen-Oost";"18";"3";"4";"0";"6";"3";"12";"4";"3";"1";"4";"4"
"Nes e.o.";"2";"3";"1";"1";"2";"1";"1";"3";"2";"0";"2";"2"
"BG-terrein e.o.";"0";"1";"0";"0";"0";"0";"0";"0";"0";"0";"0";"0"
"Nieuwmarkt/Lastage";"7";"8";"6";"7";"13";"1";"1";"6";"2";"2";"1";"6"
"Oosterdokseiland";"0";"1";"1";"0";"1";"0";"0";"1";"0";"0";"0";"1"
"Lastage";"2";"2";"0";"0";"0";"0";"0";"0";"0";"0";"0";"0"
"Scheepvaarthuisbuurt";"0";"2";"0";"2";"0";"0";"0";"1";"0";"0";"0";"1"
"Rapenburg";"1";"0";"0";"0";"0";"0";"0";"0";"0";"0";"0";"0"
"Nieuwmarkt";"2";"1";"2";"3";"2";"0";"0";"1";"1";"1";"0";"2"
"Uilenburg";"1";"0";"0";"2";"0";"0";"0";"2";"0";"1";"0";"0"
"Valkenburg";"0";"1";"0";"0";"0";"0";"0";"0";"0";"0";"0";"0"
"Zuiderkerkbuurt";"1";"0";"2";"0";"2";"0";"0";"1";"1";"0";"0";"1"
"Waterloopleinbuurt";"0";"1";"1";"0";"8";"1";"1";"0";"0";"0";"1";"1"
"Grachtengordel-Zuid";"32";"29";"39";"35";"28";"25";"19";"22";"4";"3";"23";"17"
"Leidsegracht-Zuid";"0";"1";"7";"3";"2";"2";"1";"3";"0";"0";"1";"3"
"Geelvinckbuurt";"5";"4";"3";"3";"3";"1";"4";"1";"0";"0";"1";"5"
"Rembrandtplein e.o.";"19";"17";"25";"25";"20";"19";"11";"13";"1";"2";"16";"5"
"Spiegelbuurt";"4";"4";"2";"1";"1";"2";"0";"2";"3";"1";"1";"2"
"Vijzelstraatbuurt";"1";"0";"1";"2";"1";"0";"1";"1";"0";"0";"1";"1"
"Amstelveldbuurt";"3";"3";"1";"1";"1";"1";"2";"2";"0";"0";"3";"1"
"De Weteringschans";"34";"46";"27";"17";"26";"25";"17";"17";"2";"7";"32";"28"
"Leidsebuurt-Noordwest";"6";"5";"5";"3";"7";"7";"5";"7";"0";"3";"5";"2"
"Leidsebuurt-Noordoost";"11";"20";"15";"7";"14";"12";"6";"6";"2";"3";"16";"20"
"Weteringbuurt";"0";"1";"0";"2";"0";"0";"2";"0";"0";"0";"3";"1"
"Utrechtsebuurt-Zuid";"1";"1";"1";"0";"0";"0";"1";"0";"0";"0";"1";"0"
"Leidsebuurt-Zuidwest";"6";"15";"4";"3";"3";"0";"0";"2";"0";"1";"7";"3"
"Leidsebuurt-Zuidoost";"9";"1";"0";"2";"1";"5";"1";"1";"0";"0";"0";"1"
"Den Texbuurt";"0";"2";"2";"0";"1";"1";"0";"1";"0";"0";"0";"1"
"Frederikspleinbuurt";"1";"1";"0";"0";"0";"0";"2";"0";"0";"0";"0";"0"
"Weesperbuurt/Plantage";"2";"3";"1";"1";"2";"0";"0";"2";"0";"2";"0";"4"
"Weesperbuurt";"1";"1";"1";"0";"2";"0";"0";"0";"0";"0";"0";"1"
"Plantage";"1";"1";"0";"0";"0";"0";"0";"1";"0";"0";"0";"1"
"Sarphatistrook";"0";"1";"0";"1";"0";"0";"0";"1";"0";"2";"0";"2"
"Alexanderplein e.o.";"0";"0";"0";"0";"0";"0";"0";"0";"0";"0";"0";"0"
"Oostelijke Eilanden/Kadijken";"2";"1";"1";"2";"4";"3";"1";"1";"1";"1";"1";"2"
"Marine-Etablissement";"0";"0";"0";"0";"0";"0";"0";"0";"0";"1";"0";"0"
"Kattenburg";"0";"0";"0";"0";"0";"0";"0";"0";"0";"0";"0";"0"
"Wittenburg";"0";"0";"0";"1";"1";"0";"0";"0";"0";"0";"1";"0"
"Oostenburg";"0";"1";"1";"0";"0";"0";"0";"1";"0";"0";"0";"2"
"Czaar Peterbuurt";"0";"0";"0";"0";"2";"0";"0";"0";"0";"0";"0";"0"
"Het Funen";"1";"0";"0";"0";"0";"0";"0";"0";"0";"0";"0";"0"
"Kadijken";"0";"0";"0";"0";"1";"3";"0";"0";"1";"0";"0";"0"
"Kazernebuurt";"1";"0";"0";"1";"0";"0";"1";"0";"0";"0";"0";"0"
"Havens-West";"0";"0";"0";"0";"1";"1";"0";"0";"0";"0";"1";"0"
"Afrikahaven";"0";"0";"0";"0";"0";"0";"0";"0";"0";"0";"1";"0"
"Amerikahaven";"0";"0";"0";"0";"0";"1";"0";"0";"0";"0";"0";"0"
"Westhaven-Noord";"0";"0";"0";"0";"0";"0";"0";"0";"0";"0";"0";"0"
"Petroleumhaven";"0";"0";"0";"0";"0";"0";"0";"0";"0";"0";"0";"0"
"Vervoerscentrum";"0";"0";"0";"0";"0";"0";"0";"0";"0";"0";"0";"0"
"Westhaven-Zuid";"0";"0";"0";"0";"1";"0";"0";"0";"0";"0";"0";"0"
"Coenhaven/Minervahaven";"0";"1";"0";"0";"1";"1";"1";"0";"0";"0";"1";"3"
"Coenhaven";"0";"0";"0";"0";"0";"0";"0";"0";"0";"0";"0";"0"
"Vlothaven";"0";"0";"0";"0";"0";"0";"0";"0";"0";"0";"0";"0"
"Minervahaven-Noordoost";"0";"1";"0";"0";"0";"1";"0";"0";"0";"0";"0";"0"
"Minervahaven-Noordwest";"0";"0";"0";"0";"0";"0";"0";"0";"0";"0";"0";"0"
"Minervahaven-Zuidwest";"0";"0";"0";"0";"0";"0";"0";"0";"0";"0";"0";"0"
"Minervahaven-Zuidoost";"0";"0";"0";"0";"0";"0";"0";"0";"0";"0";"0";"0"
"Alfa-driehoek";"0";"0";"0";"0";"0";"0";"1";"0";"0";"0";"1";"2"
"Hemknoop-Noord";"0";"0";"0";"0";"1";"0";"0";"0";"0";"0";"0";"1"
"Sloterdijk-West";"2";"0";"0";"0";"0";"0";"0";"1";"0";"0";"0";"1"
"Isolatorbuurt";"1";"0";"0";"0";"0";"0";"0";"0";"0";"0";"0";"1"
"Contactbuurt";"1";"0";"0";"0";"0";"0";"0";"1";"0";"0";"0";"0"
"Woon- en Groengebied Sloterdijk";"0";"0";"0";"0";"0";"0";"0";"0";"0";"0";"0";"0"
"Spaarndammerbuurt/Zeeheldenbuurt";"3";"7";"9";"2";"1";"0";"5";"3";"3";"2";"1";"2"
"Hemknoop-Zuid";"0";"0";"0";"0";"0";"0";"2";"0";"0";"0";"0";"2"
"Overbraker Binnenpolder";"0";"0";"0";"0";"0";"0";"0";"0";"0";"0";"0";"0"
"Zaanstraat emplacement";"0";"0";"0";"0";"0";"0";"0";"0";"0";"0";"0";"0"
"Spaarndammerbuurt-Noordwest";"0";"1";"0";"0";"0";"0";"0";"1";"0";"0";"1";"0"
"Spaarndammerbuurt-Midden";"0";"0";"0";"0";"0";"0";"0";"0";"0";"0";"0";"0"
"Spaarndammerbuurt-Zuidwest";"0";"1";"0";"0";"0";"0";"0";"0";"0";"0";"0";"0"
"Spaarndammerbuurt-Noordoost";"0";"2";"0";"0";"1";"0";"0";"1";"1";"0";"0";"0"
"Zeeheldenbuurt";"1";"0";"1";"0";"0";"0";"1";"0";"0";"1";"0";"0"
"Westergasfabriek";"2";"3";"8";"2";"0";"0";"2";"1";"2";"1";"0";"0"
"Spaarndammerbuurt-Zuidoost";"0";"0";"0";"0";"0";"0";"0";"0";"0";"0";"0";"0"
"Houthavens";"0";"0";"0";"0";"0";"0";"0";"0";"0";"0";"0";"0"
"Houthavens-West";"0";"0";"0";"0";"0";"0";"0";"0";"0";"0";"0";"0"
"Houthavens-Oost";"0";"0";"0";"0";"0";"0";"0";"0";"0";"0";"0";"0"
"De Kolenkit";"0";"5";"1";"1";"2";"1";"2";"1";"2";"1";"4";"3"
"Kolenkitbuurt-Noord";"0";"2";"1";"0";"2";"0";"1";"0";"2";"0";"2";"1"
"Kolenkitbuurt-Zuid";"0";"2";"0";"0";"0";"1";"0";"1";"0";"1";"0";"0"
"Laan van Spartaan";"0";"0";"0";"1";"0";"0";"1";"0";"0";"0";"0";"1"
"Robert Scottbuurt-West";"0";"1";"0";"0";"0";"0";"0";"0";"0";"0";"2";"1"
"Landlust";"3";"3";"1";"3";"2";"3";"6";"5";"2";"1";"5";"4"
"Bosleeuw";"0";"1";"1";"2";"0";"0";"1";"1";"0";"0";"2";"2"
"Gibraltarbuurt";"0";"0";"0";"0";"1";"0";"0";"1";"0";"0";"0";"1"
"Bedrijventerrein Landlust";"0";"0";"0";"0";"0";"1";"1";"0";"0";"0";"1";"1"
"Landlust-Noord";"1";"1";"0";"0";"0";"2";"2";"0";"1";"1";"1";"0"
"Erasmusparkbuurt-Oost";"1";"0";"0";"1";"1";"0";"0";"2";"0";"0";"1";"0"
"Landlust-Zuid";"1";"1";"0";"0";"0";"0";"2";"1";"1";"0";"0";"0"
"Erasmuspark";"0";"1";"1";"0";"1";"1";"4";"1";"0";"1";"3";"2"
"Robert Scottbuurt-Oost";"0";"0";"0";"0";"0";"1";"0";"0";"0";"0";"0";"0"
"Erasmusparkbuurt-West";"0";"1";"1";"0";"1";"0";"4";"1";"0";"1";"3";"2"
"Centrale Markt";"2";"0";"1";"1";"1";"3";"0";"2";"1";"0";"0";"1"
"Bedrijvencentrum Westerkwartier";"0";"0";"0";"1";"0";"0";"0";"1";"0";"0";"0";"1"
"GWL-terrein";"0";"0";"0";"0";"1";"0";"0";"0";"1";"0";"0";"0"
"Markthallen";"0";"0";"0";"0";"0";"1";"0";"0";"0";"0";"0";"0"
"Marcanti";"2";"0";"1";"0";"0";"2";"0";"1";"0";"0";"0";"0"
"Staatsliedenbuurt";"2";"0";"2";"1";"1";"1";"2";"5";"0";"0";"0";"0"
"Westerstaatsman";"2";"0";"0";"0";"0";"0";"0";"2";"0";"0";"0";"0"
"Fannius Scholtenbuurt";"0";"0";"2";"0";"0";"0";"0";"2";"0";"0";"0";"0"
"Staatsliedenbuurt-Noordoost";"0";"0";"0";"0";"0";"0";"1";"0";"0";"0";"0";"0"
"De Wittenbuurt-Noord";"0";"0";"0";"0";"1";"1";"0";"0";"0";"0";"0";"0"
"De Wittenbuurt-Zuid";"0";"0";"0";"1";"0";"0";"0";"0";"0";"0";"0";"0"
"Buyskade e.o.";"0";"0";"0";"0";"0";"0";"1";"1";"0";"0";"0";"0"
"Frederik Hendrikbuurt";"2";"1";"0";"1";"0";"3";"2";"0";"2";"1";"1";"1"
"Frederik Hendrikbuurt-Noord";"1";"0";"0";"1";"0";"0";"1";"0";"0";"0";"0";"1"
"Frederik Hendrikbuurt-Zuidwest";"0";"0";"0";"0";"0";"1";"0";"0";"0";"0";"0";"0"
"Frederik Hendrikbuurt-Zuidoost";"1";"1";"0";"0";"0";"2";"1";"0";"2";"1";"1";"0"
"Van Galenbuurt";"3";"1";"1";"1";"0";"1";"1";"2";"1";"2";"1";"2"
"Mercatorpark";"0";"0";"0";"1";"0";"1";"1";"2";"0";"0";"0";"0"
"Orteliusbuurt-Noord";"1";"1";"1";"0";"0";"0";"0";"0";"0";"0";"0";"0"
"Jan Maijenbuurt";"1";"0";"0";"0";"0";"0";"0";"0";"1";"2";"0";"0"
"John Franklinbuurt";"1";"0";"0";"0";"0";"0";"0";"0";"0";"0";"1";"2"
"Geuzenbuurt";"0";"2";"1";"0";"0";"2";"0";"2";"1";"1";"3";"0"
"Pieter van der Doesbuurt";"0";"0";"0";"0";"0";"2";"0";"1";"0";"1";"0";"0"
"Trompbuurt";"0";"1";"0";"0";"0";"0";"0";"1";"1";"0";"2";"0"
"Geuzenhofbuurt";"0";"1";"1";"0";"0";"0";"0";"0";"0";"0";"1";"0"
"Hoofdweg e.o.";"2";"2";"1";"0";"3";"3";"0";"4";"3";"1";"1";"4"
"Orteliusbuurt-Midden";"0";"0";"1";"0";"1";"0";"0";"0";"0";"0";"0";"1"
"Balboaplein e.o.";"2";"1";"0";"0";"2";"2";"0";"3";"2";"1";"0";"2"
"Orteliusbuurt-Zuid";"0";"0";"0";"0";"0";"1";"0";"0";"0";"0";"0";"0"
"Columbusplein e.o.";"0";"1";"0";"0";"0";"0";"0";"1";"1";"0";"1";"1"
"Chassébuurt";"1";"1";"2";"1";"2";"0";"1";"0";"0";"0";"2";"0"
"Filips van Almondekwartier";"0";"0";"0";"0";"0";"0";"0";"0";"0";"0";"2";"0"
"Kortenaerkwartier";"1";"0";"1";"1";"1";"0";"1";"0";"0";"0";"0";"0"
"Van Brakelkwartier";"0";"1";"0";"0";"1";"0";"0";"0";"0";"0";"0";"0"
"De Wester Quartier";"0";"0";"1";"0";"0";"0";"0";"0";"0";"0";"0";"0"
"Bellamybuurt";"2";"1";"1";"0";"0";"0";"1";"3";"2";"2";"2";"0"
"Bellamybuurt-Noord";"1";"0";"0";"0";"0";"0";"0";"3";"0";"1";"0";"0"
"Bellamybuurt-Zuid";"1";"1";"1";"0";"0";"0";"1";"0";"2";"1";"2";"0"
"Da Costabuurt";"4";"1";"0";"0";"0";"2";"0";"1";"1";"0";"2";"1"
"Da Costabuurt-Noord";"4";"1";"0";"0";"0";"2";"0";"1";"1";"0";"2";"1"
"Westindische Buurt";"0";"1";"1";"0";"1";"1";"0";"2";"0";"2";"1";"1"
"Postjeskade e.o.";"0";"0";"1";"0";"1";"1";"0";"0";"0";"1";"1";"0"
"Paramariboplein e.o.";"0";"1";"0";"0";"0";"0";"0";"2";"0";"1";"0";"1"
"Van Lennepbuurt";"2";"0";"1";"1";"0";"1";"0";"2";"2";"0";"0";"1"
"Lootsbuurt";"0";"0";"0";"0";"0";"0";"0";"1";"0";"0";"0";"1"
"Borgerbuurt";"2";"0";"0";"1";"0";"1";"0";"0";"2";"0";"0";"0"
"Da Costabuurt-Zuid";"0";"0";"1";"0";"0";"0";"0";"1";"0";"0";"0";"0"
"Overtoomse Sluis";"0";"0";"0";"0";"0";"0";"0";"0";"0";"1";"0";"3"
"Cremerbuurt-West";"0";"0";"0";"0";"0";"0";"0";"0";"0";"0";"0";"3"
"Vondelparkbuurt-West";"0";"0";"0";"0";"0";"0";"0";"0";"0";"1";"0";"0"
"Helmersbuurt";"2";"0";"1";"0";"0";"1";"3";"0";"4";"0";"4";"1"
"Cremerbuurt-Oost";"0";"0";"0";"0";"0";"1";"0";"0";"1";"0";"1";"0"
"WG-terrein";"0";"0";"0";"0";"0";"0";"2";"0";"3";"0";"1";"1"
"Helmersbuurt-Oost";"2";"0";"1";"0";"0";"0";"1";"0";"0";"0";"2";"0"
"Vondelparkbuurt";"0";"0";"1";"1";"0";"1";"4";"1";"2";"0";"4";"2"
"Vondelparkbuurt-Midden";"0";"0";"0";"0";"0";"0";"0";"0";"2";"0";"0";"0"
"Vondelparkbuurt-Oost";"0";"0";"1";"1";"0";"1";"4";"1";"0";"0";"4";"2"
"Sloterdijk Nieuw-West";"2";"6";"1";"2";"4";"1";"5";"1";"4";"7";"6";"7"
"Sloterdijk De Heining";"0";"0";"0";"0";"0";"0";"0";"0";"0";"0";"0";"0"
"Sloterdijk Poort-Noord";"1";"0";"0";"0";"0";"0";"0";"0";"1";"0";"0";"0"
"Sloterdijk Poort-Zuid";"0";"0";"0";"0";"0";"0";"0";"0";"0";"2";"0";"1"
"Sloterdijk Rhônepark";"0";"5";"0";"0";"1";"0";"2";"0";"0";"1";"2";"2"
"Sloterdijk Donauhoek";"0";"0";"0";"0";"0";"0";"0";"0";"0";"1";"0";"0"
"Bretten-West";"0";"0";"0";"0";"0";"0";"0";"0";"0";"0";"0";"0"
"Bretten-Oost";"1";"0";"0";"0";"0";"0";"0";"0";"0";"0";"0";"1"
"Sloterdijk Stationskwartier";"0";"1";"1";"2";"3";"1";"3";"1";"3";"3";"4";"3"
"Geuzenveld";"3";"1";"2";"1";"1";"2";"1";"1";"2";"2";"3";"3"
"Osdorper Binnenpolder";"1";"1";"1";"0";"0";"0";"1";"0";"0";"0";"2";"1"
"De Eendracht";"0";"0";"1";"0";"0";"0";"0";"0";"0";"0";"0";"0"
"Ruys de Beerenbrouckbuurt";"0";"0";"0";"0";"0";"0";"0";"1";"1";"0";"1";"2"
"Eendrachtspark";"0";"0";"0";"0";"0";"1";"0";"0";"0";"0";"0";"0"
"Van Tijenbuurt";"0";"0";"0";"0";"0";"0";"0";"0";"0";"0";"0";"0"
"Dudokbuurt";"1";"0";"0";"0";"0";"0";"0";"0";"1";"2";"0";"0"
"Bakemabuurt";"0";"0";"0";"1";"1";"1";"0";"0";"0";"0";"0";"0"
"Wegener Sleeswijkbuurt";"1";"0";"0";"0";"0";"0";"0";"0";"0";"0";"0";"0"
"Slotermeer-West";"5";"2";"2";"3";"1";"3";"1";"3";"2";"2";"6";"5"
"Jan de Louterbuurt";"2";"0";"0";"1";"1";"1";"1";"0";"1";"0";"3";"3"
"Lodewijk van Deysselbuurt";"2";"1";"1";"1";"0";"2";"0";"2";"1";"2";"3";"0"
"Confuciusbuurt";"1";"1";"1";"1";"0";"0";"0";"1";"0";"0";"0";"2"
"Slotermeer-Noordoost";"5";"2";"5";"1";"2";"9";"1";"2";"2";"4";"5";"2"
"Arondeusbuurt";"3";"0";"1";"0";"0";"3";"1";"0";"0";"0";"0";"1"
"Coronelbuurt";"0";"0";"0";"0";"0";"1";"0";"0";"0";"0";"1";"0"
"Meerwaldtbuurt";"1";"0";"2";"0";"1";"1";"0";"0";"0";"3";"1";"0"
"Dobbebuurt";"1";"2";"2";"1";"1";"4";"0";"2";"2";"1";"3";"1"
"Slotermeer-Zuidoost";"3";"3";"2";"2";"2";"2";"2";"2";"4";"0";"7";"8"
"Dichtersbuurt";"1";"0";"0";"0";"1";"0";"1";"1";"0";"0";"0";"0"
"Louis Couperusbuurt";"0";"1";"0";"0";"0";"1";"0";"0";"1";"0";"1";"0"
"Noordoever Sloterplas";"2";"2";"2";"2";"1";"0";"1";"1";"3";"0";"6";"7"
"Sloterpark";"0";"0";"0";"0";"0";"1";"0";"0";"0";"0";"0";"1"
"Lutkemeer/Ookmeer";"0";"0";"1";"1";"0";"0";"1";"2";"1";"2";"0";"0"
"Osdorper Bovenpolder";"0";"0";"1";"0";"0";"0";"0";"1";"1";"0";"0";"0"
"Ookmeer";"0";"0";"0";"1";"0";"0";"1";"1";"0";"1";"0";"0"
"Bedrijvenpark Lutkemeer";"0";"0";"0";"0";"0";"0";"0";"0";"0";"1";"0";"0"
"De Aker";"1";"0";"1";"0";"1";"0";"0";"0";"1";"2";"2";"1"
"Middelveldsche Akerpolder";"0";"0";"0";"0";"0";"0";"0";"0";"0";"1";"0";"0"
"De Aker-West";"0";"0";"0";"0";"1";"0";"0";"0";"1";"0";"0";"0"
"De Aker-Oost";"1";"0";"1";"0";"0";"0";"0";"0";"0";"1";"2";"1"
"De Punt";"1";"1";"1";"2";"0";"0";"0";"1";"1";"1";"3";"3"
"Bedrijvencentrum Osdorp";"0";"0";"1";"2";"0";"0";"0";"1";"0";"0";"3";"2"
"Dijkgraafpleinbuurt";"1";"1";"0";"0";"0";"0";"0";"0";"1";"1";"0";"1"
"Osdorp-Midden";"0";"2";"3";"0";"0";"0";"0";"3";"9";"6";"2";"4"
"Reimerswaal";"0";"0";"1";"0";"0";"0";"0";"1";"3";"1";"0";"2"
"Botteskerkbuurt";"0";"2";"2";"0";"0";"0";"0";"0";"1";"1";"0";"0"
"Zuidwestkwadrant-Noord";"0";"0";"0";"0";"0";"0";"0";"2";"2";"4";"1";"2"
"Zuidwestkwadrant-Zuid";"0";"0";"0";"0";"0";"0";"0";"0";"3";"0";"1";"0"
"Osdorp-Oost";"4";"5";"4";"4";"2";"3";"4";"4";"4";"4";"8";"4"
"Wildeman";"3";"3";"1";"1";"1";"1";"2";"2";"2";"1";"2";"0"
"Meer en Oever";"0";"0";"1";"0";"0";"0";"0";"1";"0";"0";"0";"0"
"Osdorpplein e.o.";"0";"2";"1";"2";"1";"1";"1";"1";"1";"3";"3";"2"
"Calandlaan/Lelylaan";"0";"0";"0";"1";"0";"0";"1";"0";"0";"0";"1";"2"
"Osdorp-Zuidoost";"1";"0";"1";"0";"0";"1";"0";"0";"1";"0";"2";"0"
"Slotervaart-Noord";"2";"4";"1";"3";"1";"1";"1";"1";"1";"2";"1";"2"
"Oostoever Sloterplas";"0";"0";"0";"0";"0";"0";"0";"0";"0";"0";"0";"0"
"Emanuel van Meterenbuurt";"0";"2";"1";"1";"1";"0";"0";"0";"1";"1";"0";"1"
"Jacob Geelbuurt";"2";"2";"0";"2";"0";"1";"1";"1";"0";"1";"1";"1"
"Overtoomse Veld";"6";"1";"4";"2";"4";"2";"1";"1";"0";"3";"4";"5"
"Lucas/Andreasziekenhuis e.o.";"0";"0";"1";"1";"2";"1";"1";"0";"0";"0";"1";"1"
"Overtoomse Veld-Noord";"3";"1";"1";"0";"1";"0";"0";"1";"0";"1";"2";"0"
"Rembrandtpark-Noord";"3";"0";"1";"0";"0";"0";"0";"0";"0";"2";"1";"1"
"Overtoomse Veld-Zuid";"0";"0";"1";"0";"1";"0";"0";"0";"0";"0";"0";"2"
"Rembrandtpark-Zuid";"0";"0";"0";"0";"0";"1";"0";"0";"0";"0";"0";"1"
"Johan Jongkindbuurt";"0";"0";"0";"1";"0";"0";"0";"0";"0";"0";"0";"0"
"Slotervaart-Zuid";"0";"2";"0";"2";"2";"2";"6";"3";"3";"2";"3";"5"
"Louis Crispijnbuurt";"0";"1";"0";"1";"0";"0";"1";"0";"0";"0";"0";"0"
"Jacques Veldmanbuurt";"0";"0";"0";"1";"1";"2";"3";"1";"1";"1";"3";"5"
"Medisch Centrum Slotervaart";"0";"0";"0";"0";"0";"0";"0";"2";"1";"0";"0";"0"
"Staalmanbuurt";"0";"1";"0";"0";"1";"0";"2";"0";"1";"1";"0";"0"
"Westlandgracht";"4";"1";"2";"0";"1";"3";"1";"2";"2";"3";"1";"4"
"Schipluidenbuurt";"2";"0";"1";"0";"0";"0";"0";"2";"1";"1";"0";"1"
"Koningin Wilhelminaplein";"1";"0";"0";"0";"1";"1";"1";"0";"0";"0";"0";"0"
"Andreasterrein";"0";"0";"0";"0";"0";"2";"0";"0";"0";"0";"0";"0"
"Delflandpleinbuurt-West";"1";"0";"0";"0";"0";"0";"0";"0";"1";"1";"1";"2"
"Delflandpleinbuurt-Oost";"0";"1";"1";"0";"0";"0";"0";"0";"0";"1";"0";"0"
"Riekerhaven";"0";"0";"0";"0";"0";"0";"0";"0";"0";"0";"0";"1"
"Sloten/Nieuw-Sloten";"4";"0";"1";"1";"2";"0";"3";"4";"1";"3";"2";"1"
"Dorp Sloten";"1";"0";"1";"1";"0";"0";"0";"0";"0";"0";"0";"0"
"Nieuw-Sloten-Noordwest";"0";"0";"0";"0";"1";"0";"0";"0";"0";"0";"0";"0"
"Nieuw-Sloten-Noordoost";"0";"0";"0";"0";"0";"0";"0";"0";"0";"0";"0";"0"
"Nieuw-Sloten-Zuidwest";"0";"0";"0";"0";"0";"0";"0";"2";"1";"0";"1";"0"
"Belgiëplein e.o.";"2";"0";"0";"0";"0";"0";"1";"0";"0";"0";"0";"0"
"Nieuw-Sloten-Zuidoost";"0";"0";"0";"0";"0";"0";"0";"1";"0";"2";"0";"0"
"Sloterweg e.o.";"1";"0";"0";"0";"1";"0";"0";"0";"0";"0";"0";"1"
"Park Haagseweg";"0";"0";"0";"0";"0";"0";"0";"0";"0";"0";"0";"0"
"Riekerpolder";"0";"0";"0";"0";"0";"0";"0";"0";"0";"0";"0";"0"
"Nieuwe Meer";"0";"0";"0";"0";"0";"0";"2";"1";"0";"1";"1";"0"
"Hoofddorppleinbuurt";"0";"0";"1";"1";"5";"2";"0";"1";"0";"2";"0";"1"
"Westlandgrachtbuurt";"0";"0";"0";"1";"1";"1";"0";"0";"0";"0";"0";"0"
"Surinamepleinbuurt";"0";"0";"1";"0";"1";"1";"0";"0";"0";"0";"0";"1"
"Legmeerpleinbuurt";"0";"0";"0";"0";"1";"0";"0";"0";"0";"1";"0";"0"
"Aalsmeerwegbuurt-West";"0";"0";"0";"0";"1";"0";"0";"1";"0";"0";"0";"0"
"Aalsmeerwegbuurt-Oost";"0";"0";"0";"0";"1";"0";"0";"0";"0";"0";"0";"0"
"Bedrijventerrein Schinkel";"0";"0";"0";"0";"0";"0";"0";"0";"0";"1";"0";"0"
"Schinkelbuurt";"0";"2";"0";"0";"0";"0";"1";"1";"0";"0";"0";"1"
"Schinkelbuurt-Noord";"0";"1";"0";"0";"0";"0";"0";"0";"0";"0";"0";"1"
"Schinkelbuurt-Zuid";"0";"1";"0";"0";"0";"0";"1";"1";"0";"0";"0";"0"
"Willemspark";"0";"1";"0";"0";"0";"1";"0";"0";"0";"1";"0";"0"
"Vondelpark-West";"0";"0";"0";"0";"0";"0";"0";"0";"0";"0";"0";"0"
"Willemsparkbuurt-Noord";"0";"0";"0";"0";"0";"1";"0";"0";"0";"0";"0";"0"
"Valeriusbuurt-West";"0";"1";"0";"0";"0";"0";"0";"0";"0";"0";"0";"0"
"Valeriusbuurt-Oost";"0";"0";"0";"0";"0";"0";"0";"0";"0";"1";"0";"0"
"Museumkwartier";"6";"7";"8";"5";"6";"5";"4";"4";"4";"121";"8";"2"
"Vondelpark-Oost";"1";"4";"4";"3";"2";"0";"0";"0";"3";"5";"1";"1"
"Cornelis Schuytbuurt";"2";"0";"0";"0";"0";"0";"0";"0";"0";"6";"0";"0"
"Concertgebouwbuurt";"1";"1";"0";"0";"1";"2";"0";"0";"0";"7";"3";"0"
"P.C. Hooftbuurt";"0";"0";"0";"1";"2";"0";"1";"1";"0";"1";"2";"0"
"Museumplein";"1";"0";"1";"1";"1";"0";"1";"1";"0";"8";"0";"0"
"Banpleinbuurt";"0";"0";"0";"0";"0";"0";"0";"0";"0";"1";"0";"0"
"Hondecoeterbuurt";"0";"1";"1";"0";"0";"0";"0";"1";"0";"1";"0";"0"
"Johannes Vermeerbuurt";"0";"1";"2";"0";"0";"2";"2";"1";"1";"91";"2";"1"
"Duivelseiland";"1";"0";"0";"0";"0";"1";"0";"0";"0";"0";"0";"0"
"Harmoniehofbuurt";"0";"0";"0";"0";"0";"0";"0";"0";"0";"1";"0";"0"
"Oude Pijp";"5";"4";"4";"2";"5";"4";"7";"5";"2";"10";"9";"5"
"Frans Halsbuurt";"2";"0";"1";"0";"1";"1";"3";"2";"0";"5";"3";"2"
"Gerard Doubuurt";"1";"1";"2";"1";"1";"1";"1";"1";"0";"0";"0";"0"
"Hercules Seghersbuurt";"0";"2";"1";"1";"1";"1";"1";"0";"0";"1";"3";"2"
"Sarphatiparkbuurt";"2";"1";"0";"0";"1";"0";"1";"2";"2";"4";"3";"1"
"Hemonybuurt";"0";"0";"0";"0";"1";"1";"1";"0";"0";"0";"0";"0"
"Nieuwe Pijp";"5";"4";"3";"1";"1";"0";"2";"2";"3";"2";"3";"1"
"Cornelis Troostbuurt";"0";"2";"2";"1";"1";"0";"1";"0";"1";"0";"1";"0"
"Lizzy Ansinghbuurt";"2";"1";"1";"0";"0";"0";"0";"0";"1";"2";"2";"1"
"Van der Helstpleinbuurt";"2";"1";"0";"0";"0";"0";"1";"1";"1";"0";"0";"0"
"Willibrordusbuurt";"1";"0";"0";"0";"0";"0";"0";"1";"0";"0";"0";"0"
"Zuid Pijp";"3";"0";"3";"1";"1";"3";"1";"7";"1";"2";"2";"1"
"BurgemeesterTellegenbuurt-West";"1";"0";"0";"0";"0";"1";"0";"0";"1";"2";"1";"1"
"Burgemeester Tellegenbuurt-Oost";"2";"0";"3";"1";"1";"0";"1";"4";"0";"0";"0";"0"
"Diamantbuurt";"0";"0";"0";"0";"0";"2";"0";"3";"0";"0";"1";"0"
"Stadionbuurt";"0";"5";"2";"1";"1";"0";"0";"1";"0";"0";"0";"7"
"Bertelmanpleinbuurt";"0";"0";"0";"0";"0";"0";"0";"0";"0";"0";"0";"0"
"Olympisch Stadion e.o.";"0";"1";"0";"1";"1";"0";"0";"0";"0";"0";"0";"3"
"Marathonbuurt-West";"0";"0";"0";"0";"0";"0";"0";"0";"0";"0";"0";"0"
"Marathonbuurt-Oost";"0";"1";"1";"0";"0";"0";"0";"1";"0";"0";"0";"2"
"Van Tuyllbuurt";"0";"1";"0";"0";"0";"0";"0";"0";"0";"0";"0";"0"
"IJsbaanpad e.o.";"0";"2";"1";"0";"0";"0";"0";"0";"0";"0";"0";"2"
"Apollobuurt";"1";"0";"0";"2";"0";"0";"2";"0";"2";"1";"4";"3"
"Hiltonbuurt";"0";"0";"0";"0";"0";"0";"0";"0";"0";"0";"0";"0"
"Minervabuurt-Noord";"0";"0";"0";"0";"0";"0";"1";"0";"0";"0";"1";"0"
"Minervabuurt-Midden";"0";"0";"0";"1";"0";"0";"0";"0";"2";"1";"2";"1"
"Minervabuurt-Zuid";"0";"0";"0";"1";"0";"0";"0";"0";"0";"0";"0";"0"
"Beethovenbuurt";"1";"0";"0";"0";"0";"0";"1";"0";"0";"0";"1";"2"
"Diepenbrockbuurt";"0";"0";"0";"0";"0";"0";"0";"0";"0";"0";"0";"0"
"Scheldebuurt";"2";"1";"1";"1";"2";"3";"2";"5";"2";"2";"2";"1"
"Wielingenbuurt";"0";"0";"0";"0";"0";"0";"0";"1";"0";"0";"0";"1"
"Scheldebuurt-West";"0";"0";"0";"1";"1";"0";"0";"1";"1";"2";"1";"0"
"Scheldebuurt-Midden";"1";"0";"0";"0";"0";"0";"0";"1";"0";"0";"0";"0"
"Scheldebuurt-Oost";"0";"0";"1";"0";"0";"1";"1";"0";"0";"0";"0";"0"
"Veluwebuurt";"0";"0";"0";"0";"0";"0";"0";"0";"0";"0";"0";"0"
"Kop Zuidas";"1";"1";"0";"0";"1";"2";"1";"2";"1";"0";"1";"0"
"IJselbuurt";"0";"1";"0";"0";"2";"0";"0";"1";"0";"1";"1";"0"
"IJselbuurt-West";"0";"0";"0";"0";"0";"0";"0";"0";"0";"1";"1";"0"
"IJselbuurt-Oost";"0";"1";"0";"0";"2";"0";"0";"1";"0";"0";"0";"0"
"Rijnbuurt";"2";"0";"0";"1";"3";"0";"2";"1";"2";"2";"0";"1"
"Kromme Mijdrechtbuurt";"2";"0";"0";"0";"0";"0";"2";"0";"0";"0";"0";"1"
"Rijnbuurt-West";"0";"0";"0";"0";"0";"0";"0";"1";"0";"1";"0";"0"
"Rijnbuurt-Midden";"0";"0";"0";"0";"3";"0";"0";"0";"1";"1";"0";"0"
"Rijnbuurt-Oost";"0";"0";"0";"1";"0";"0";"0";"0";"1";"0";"0";"0"
"Zorgvlied";"0";"0";"0";"0";"0";"0";"0";"0";"0";"0";"0";"0"
"Prinses Irenebuurt e.o.";"1";"1";"1";"0";"2";"1";"0";"0";"0";"0";"1";"1"
"Prinses Irenebuurt";"0";"1";"1";"0";"0";"1";"0";"0";"0";"0";"0";"1"
"Beatrixpark";"1";"0";"0";"0";"2";"0";"0";"0";"0";"0";"1";"0"
"Zuidas";"6";"0";"5";"1";"2";"1";"2";"7";"2";"2";"7";"7"
"Zuidas-Noord";"3";"0";"3";"0";"0";"1";"0";"0";"0";"0";"4";"3"
"RAI";"2";"0";"2";"0";"2";"0";"2";"5";"1";"0";"2";"2"
"VU-kwartier";"1";"0";"0";"1";"0";"0";"0";"0";"0";"1";"0";"2"
"Zuidas-Zuid";"0";"0";"0";"0";"0";"0";"0";"1";"0";"1";"1";"0"
"Vivaldi";"0";"0";"0";"0";"0";"0";"0";"1";"1";"0";"0";"0"
"Buitenveldert-West";"2";"1";"0";"2";"0";"1";"2";"2";"0";"2";"2";"0"
"Amsterdamse Bos";"0";"0";"0";"0";"0";"0";"0";"0";"0";"0";"0";"0"
"Zuiderhof";"0";"0";"0";"0";"0";"0";"0";"0";"0";"0";"0";"0"
"Buitenveldert-West-Midden";"0";"0";"0";"0";"0";"0";"0";"0";"0";"0";"0";"0"
"Gelderlandpleinbuurt";"0";"0";"0";"0";"0";"1";"1";"0";"0";"1";"1";"0"
"Buitenveldert-Zuidwest";"1";"0";"0";"1";"0";"0";"1";"2";"0";"1";"1";"0"
"Buitenveldert-Zuid-Midden";"1";"1";"0";"1";"0";"0";"0";"0";"0";"0";"0";"0"
"Buitenveldert-Oost";"1";"2";"1";"1";"1";"1";"0";"0";"1";"0";"0";"2"
"De Klenckebuurt";"0";"0";"0";"1";"0";"0";"0";"0";"0";"0";"0";"1"
"Buitenveldert-Oost-Midden";"1";"0";"0";"0";"0";"0";"0";"0";"0";"0";"0";"0"
"Buitenveldert-Zuidoost";"0";"0";"0";"0";"0";"0";"0";"0";"0";"0";"0";"1"
"Amstelpark";"0";"2";"1";"0";"1";"1";"0";"0";"1";"0";"0";"0"
"Oostelijk Havengebied";"4";"5";"0";"1";"2";"0";"3";"5";"1";"3";"4";"2"
"Java-eiland";"0";"0";"0";"0";"1";"0";"0";"1";"0";"1";"0";"1"
"KNSM-eiland";"0";"0";"0";"0";"0";"0";"0";"0";"0";"0";"0";"0"
"Oostelijke Handelskade";"0";"0";"0";"1";"1";"0";"1";"1";"1";"0";"1";"0"
"Rietlanden";"1";"3";"0";"0";"0";"0";"1";"2";"0";"0";"2";"0"
"Sporenburg";"2";"1";"0";"0";"0";"0";"0";"1";"0";"0";"0";"0"
"Borneo";"1";"0";"0";"0";"0";"0";"0";"0";"0";"1";"0";"0"
"Entrepot-Noordwest";"0";"1";"0";"0";"0";"0";"0";"0";"0";"0";"0";"0"
"Bedrijvengebied Veelaan";"0";"0";"0";"0";"0";"0";"1";"0";"0";"1";"0";"0"
"Architectenbuurt";"0";"0";"0";"0";"0";"0";"0";"0";"0";"0";"1";"1"
"Cruquiusbuurt";"0";"0";"0";"0";"0";"0";"0";"0";"0";"0";"0";"0"
"Bedrijvengebied Zeeburgerkade";"0";"0";"0";"0";"0";"0";"0";"0";"0";"0";"0";"0"
"Weesperzijde";"1";"2";"0";"1";"0";"1";"1";"2";"0";"1";"5";"1"
"Weesperzijde-Noord";"0";"0";"0";"0";"0";"0";"1";"0";"0";"0";"2";"0"
"Weesperzijde-Midden/Zuid";"1";"1";"0";"1";"0";"1";"0";"2";"0";"1";"3";"1"
"Parooldriehoek";"0";"1";"0";"0";"0";"0";"0";"0";"0";"0";"0";"0"
"Oosterparkbuurt";"3";"4";"3";"4";"3";"2";"1";"3";"1";"5";"3";"1"
"Oosterparkbuurt-Noordwest";"0";"2";"1";"1";"2";"0";"1";"2";"0";"0";"2";"0"
"Oosterpark";"1";"0";"2";"0";"0";"0";"0";"1";"0";"0";"0";"0"
"Oosterparkbuurt-Zuidwest";"1";"0";"0";"0";"0";"0";"0";"0";"0";"0";"0";"0"
"Oosterparkbuurt-Zuidoost";"1";"2";"0";"3";"1";"2";"0";"0";"1";"5";"1";"1"
"Transvaalbuurt";"1";"2";"0";"1";"0";"0";"0";"1";"4";"0";"2";"1"
"Transvaalbuurt-West";"1";"1";"0";"1";"0";"0";"0";"0";"2";"0";"2";"0"
"Transvaalbuurt-Oost";"0";"1";"0";"0";"0";"0";"0";"1";"2";"0";"0";"1"
"Dapperbuurt";"6";"3";"4";"5";"3";"7";"1";"3";"0";"2";"0";"7"
"Dapperbuurt-Noord";"2";"0";"0";"3";"1";"1";"0";"2";"0";"0";"0";"0"
"Dapperbuurt-Zuid";"1";"2";"2";"1";"1";"1";"0";"0";"0";"0";"0";"2"
"Oostpoort";"3";"1";"2";"1";"1";"5";"1";"1";"0";"2";"0";"5"
"Indische Buurt-West";"3";"3";"1";"4";"0";"2";"2";"0";"2";"1";"3";"1"
"Timorpleinbuurt-Noord";"1";"1";"0";"0";"0";"0";"2";"0";"1";"1";"0";"1"
"Timorpleinbuurt-Zuid";"2";"2";"0";"0";"0";"2";"0";"0";"0";"0";"3";"0"
"Ambonpleinbuurt";"0";"0";"1";"4";"0";"0";"0";"0";"1";"0";"0";"0"
"Indische Buurt-Oost";"2";"0";"3";"1";"0";"0";"1";"2";"3";"6";"3";"1"
"Makassarpleinbuurt";"2";"0";"3";"1";"0";"0";"1";"0";"2";"3";"3";"1"
"Zeeburgerdijk-Oost";"0";"0";"0";"0";"0";"0";"0";"0";"0";"0";"0";"0"
"Sumatraplantsoenbuurt";"0";"0";"0";"0";"0";"0";"0";"2";"1";"3";"0";"0"
"Flevopark";"0";"0";"0";"0";"0";"0";"0";"0";"0";"0";"0";"0"
"Zeeburgereiland/Bovendiep";"1";"1";"0";"1";"1";"1";"0";"0";"2";"1";"1";"5"
"Sluisbuurt";"0";"0";"0";"0";"0";"0";"0";"0";"0";"0";"0";"0"
"Sportheldenbuurt";"0";"0";"0";"0";"0";"1";"0";"0";"2";"0";"0";"4"
"Oostpunt Zeeburgereiland";"0";"0";"0";"1";"1";"0";"0";"0";"0";"0";"0";"0"
"Baaibuurt-West";"0";"0";"0";"0";"0";"0";"0";"0";"0";"0";"0";"0"
"Baaibuurt-Oost";"0";"0";"0";"0";"0";"0";"0";"0";"0";"1";"0";"1"
"Bovendiep/Diemerpark";"1";"1";"0";"0";"0";"0";"0";"0";"0";"0";"1";"0"
"IJburg-West";"1";"2";"0";"2";"1";"1";"1";"2";"1";"4";"5";"1"
"Steigereiland-Zuid";"0";"2";"0";"0";"0";"0";"1";"0";"0";"0";"1";"0"
"Steigereiland-Noord";"0";"0";"0";"0";"0";"0";"0";"1";"0";"0";"1";"0"
"Rieteilanden-West";"0";"0";"0";"0";"0";"0";"0";"0";"0";"2";"1";"0"
"Joris Ivenspleinbuurt";"1";"0";"0";"1";"0";"0";"0";"1";"1";"1";"1";"0"
"Ed Pelsterparkbuurt";"0";"0";"0";"1";"1";"1";"0";"0";"0";"1";"1";"1"
"IJburg-Oost";"0";"0";"1";"0";"0";"0";"0";"0";"0";"0";"0";"2"
"Buiteneiland";"0";"0";"0";"0";"0";"0";"0";"0";"0";"0";"0";"0"
"Pampusbuurt-West";"0";"0";"0";"0";"0";"0";"0";"0";"0";"0";"0";"0"
"Pampusbuurt-Oost";"0";"0";"0";"0";"0";"0";"0";"0";"0";"0";"0";"0"
"Centrumeiland";"0";"0";"1";"0";"0";"0";"0";"0";"0";"0";"0";"2"
"Muidenbuurt-West";"0";"0";"0";"0";"0";"0";"0";"0";"0";"0";"0";"0"
"IJburg-Zuid";"4";"2";"1";"1";"0";"1";"1";"2";"3";"4";"3";"2"
"Havenkwartier IJburg";"1";"2";"1";"1";"0";"0";"1";"2";"1";"2";"3";"2"
"Theo van Goghparkbuurt";"3";"0";"0";"0";"0";"1";"0";"0";"2";"2";"0";"0"
"Rieteiland-Oost";"0";"0";"0";"0";"0";"0";"0";"0";"0";"0";"0";"0"
"Frankendael";"2";"2";"3";"5";"4";"3";"1";"2";"2";"1";"4";"3"
"Van der Kunbuurt";"1";"0";"1";"0";"0";"0";"0";"0";"0";"0";"0";"0"
"De Eenhoorn";"1";"0";"0";"1";"0";"0";"0";"0";"1";"1";"2";"0"
"Don Bosco";"0";"0";"0";"1";"1";"0";"0";"0";"0";"0";"0";"2"
"Julianapark";"0";"1";"2";"3";"3";"2";"1";"1";"1";"0";"1";"1"
"Frankendael";"0";"0";"0";"0";"0";"0";"0";"0";"0";"0";"0";"0"
"Tuindorp Amstelstation";"0";"0";"0";"0";"0";"0";"0";"0";"0";"0";"1";"0"
"De Wetbuurt";"0";"1";"0";"0";"0";"0";"0";"0";"0";"0";"0";"0"
"Tuindorp Frankendael";"0";"0";"0";"0";"0";"1";"0";"1";"0";"0";"0";"0"
"Middenmeer";"7";"6";"1";"4";"2";"1";"3";"2";"2";"2";"4";"2"
"Linnaeusparkbuurt";"0";"1";"0";"0";"1";"0";"1";"0";"0";"1";"1";"0"
"Middenmeer-Noord";"1";"0";"0";"0";"0";"0";"0";"0";"0";"1";"0";"1"
"Middenmeer-Zuid";"0";"2";"1";"2";"1";"0";"0";"2";"0";"0";"0";"0"
"Science Park-Noord";"1";"0";"0";"0";"0";"0";"2";"0";"0";"0";"1";"0"
"Science Park-Zuid";"0";"0";"0";"0";"0";"0";"0";"0";"1";"0";"0";"0"
"Sportpark Middenmeer-Zuid";"4";"3";"0";"1";"0";"1";"0";"0";"1";"0";"1";"1"
"Sportpark Middenmeer-Noord";"0";"0";"0";"0";"0";"0";"0";"0";"0";"0";"1";"0"
"Park de Meer";"1";"0";"0";"1";"0";"0";"0";"0";"0";"0";"0";"0"
"Sportpark Voorland";"0";"0";"0";"0";"0";"0";"0";"0";"0";"0";"0";"0"
"Betondorp";"0";"0";"0";"0";"1";"0";"0";"0";"0";"1";"1";"1"
"Drieburg";"0";"0";"0";"0";"0";"0";"0";"0";"0";"0";"0";"1"
"Nieuwe Oosterbegraafplaats";"0";"0";"0";"0";"1";"0";"0";"0";"0";"1";"0";"0"
"Betondorp";"0";"0";"0";"0";"0";"0";"0";"0";"0";"0";"1";"0"
"Omval/Overamstel";"2";"0";"2";"2";"2";"1";"3";"0";"1";"2";"0";"0"
"De Omval";"2";"0";"1";"0";"0";"0";"0";"0";"0";"0";"0";"0"
"Overamstel";"0";"0";"0";"0";"0";"0";"0";"0";"0";"0";"0";"0"
"Amstelglorie";"0";"0";"0";"1";"0";"0";"0";"0";"0";"0";"0";"0"
"Amstelkwartier-West";"0";"0";"0";"0";"0";"0";"0";"0";"0";"1";"0";"0"
"Amstelkwartier-Noord";"0";"0";"0";"0";"0";"0";"0";"0";"0";"1";"0";"0"
"Amstelkwartier-Zuid";"0";"0";"0";"1";"0";"1";"1";"0";"1";"0";"0";"0"
"Weespertrekvaart";"0";"0";"1";"0";"2";"0";"2";"0";"0";"0";"0";"0"
"Oostzanerwerf";"2";"3";"1";"1";"0";"4";"1";"1";"1";"0";"0";"0"
"Noorder IJplas";"0";"0";"0";"0";"0";"0";"0";"1";"0";"0";"0";"0"
"Melkweg/Oostzanerwerf";"0";"0";"0";"0";"0";"0";"0";"0";"0";"0";"0";"0"
"Walvisbuurt";"0";"0";"0";"0";"0";"0";"0";"0";"0";"0";"0";"0"
"Twiske-West";"0";"0";"0";"0";"0";"1";"0";"0";"0";"0";"0";"0"
"Oostzanerdijk";"0";"0";"0";"0";"0";"1";"0";"0";"0";"0";"0";"0"
"Circus/Kermisbuurt";"1";"0";"0";"0";"0";"0";"0";"0";"0";"0";"0";"0"
"Molenwijk";"1";"3";"1";"1";"0";"2";"1";"0";"1";"0";"0";"0"
"Noordelijke IJ-oevers-West";"0";"1";"2";"3";"1";"1";"1";"0";"3";"3";"0";"0"
"Cornelis Douwesterrein-West";"0";"0";"0";"0";"0";"0";"0";"0";"0";"0";"0";"0"
"Cornelis Douwesterrein-Oost";"0";"0";"0";"1";"0";"0";"0";"0";"0";"0";"0";"0"
"NDSM terrein";"0";"0";"2";"1";"0";"0";"1";"0";"1";"1";"0";"0"
"Buiksloterham-Zuid";"0";"0";"0";"0";"0";"0";"0";"0";"0";"0";"0";"0"
"Buiksloterham-Noord";"0";"1";"0";"0";"0";"1";"0";"0";"0";"0";"0";"0"
"Klaprozenbuurt";"0";"0";"0";"0";"1";"0";"0";"0";"0";"1";"0";"0"
"Overhoeks";"0";"0";"0";"1";"0";"0";"0";"0";"2";"1";"0";"0"
"Tuindorp Oostzaan";"2";"3";"1";"0";"2";"1";"0";"0";"2";"0";"1";"1"
"Tuindorp Oostzaan-West";"0";"0";"0";"0";"0";"0";"0";"0";"0";"0";"0";"0"
"Tuindorp Oostzaan-Oost";"0";"2";"0";"0";"2";"1";"0";"0";"0";"0";"0";"1"
"Terrasdorp";"2";"1";"1";"0";"0";"0";"0";"0";"2";"0";"0";"0"
"De Bongerd";"0";"0";"0";"0";"0";"0";"0";"0";"0";"0";"1";"0"
"Kadoelen";"1";"1";"0";"0";"2";"0";"0";"0";"1";"2";"1";"2"
"Twiske-Oost";"0";"0";"0";"0";"1";"0";"0";"0";"0";"0";"0";"0"
"Kadoelen";"1";"1";"0";"0";"1";"0";"0";"0";"1";"2";"1";"2"
"Banne Buiksloot";"3";"2";"2";"1";"4";"1";"0";"1";"1";"1";"2";"1"
"Banne-Noordwest";"1";"0";"1";"0";"1";"0";"0";"0";"0";"1";"1";"0"
"Banne-Noordoost";"1";"0";"0";"0";"0";"0";"0";"0";"0";"0";"0";"0"
"Banne-Zuidwest";"1";"0";"0";"0";"2";"0";"0";"0";"1";"0";"0";"0"
"Banne-Zuidoost";"0";"2";"1";"1";"0";"1";"0";"1";"0";"0";"1";"1"
"Buiksloterbreek";"0";"0";"0";"0";"1";"0";"0";"0";"0";"0";"0";"0"
"Marjoleinterrein";"0";"0";"0";"0";"0";"0";"0";"0";"0";"0";"0";"0"
"Nieuwendammerdijk/Buiksloterdijk";"0";"0";"0";"0";"0";"0";"0";"1";"0";"0";"0";"0"
"Buiksloterdijk-West";"0";"0";"0";"0";"0";"0";"0";"0";"0";"0";"0";"0"
"Buiksloterdijk-Oost";"0";"0";"0";"0";"0";"0";"0";"0";"0";"0";"0";"0"
"Nieuwendammerdijk-West";"0";"0";"0";"0";"0";"0";"0";"1";"0";"0";"0";"0"
"Nieuwendammerdijk-Oost";"0";"0";"0";"0";"0";"0";"0";"0";"0";"0";"0";"0"
"Nieuwendammerdijk-Zuid";"0";"0";"0";"0";"0";"0";"0";"0";"0";"0";"0";"0"
"Elzenhagen";"0";"1";"0";"1";"1";"0";"0";"2";"4";"2";"2";"1"
"Elzenhagen-Noord";"0";"0";"0";"0";"1";"0";"0";"0";"0";"0";"0";"0"
"Elzenhagen-Zuid";"0";"1";"0";"1";"0";"0";"0";"2";"4";"2";"2";"1"
"Nintemanterrein";"0";"0";"0";"0";"0";"0";"0";"0";"0";"0";"0";"0"
"Buikslotermeer";"9";"4";"0";"2";"6";"1";"3";"2";"4";"4";"5";"6"
"Buikslotermeer-Noord";"1";"1";"0";"0";"1";"0";"1";"0";"0";"1";"0";"0"
"De Kleine Wereld";"0";"0";"0";"1";"0";"1";"1";"0";"1";"0";"0";"0"
"Loenermark";"1";"0";"0";"0";"0";"0";"0";"1";"0";"0";"2";"1"
"Buikslotermeerplein";"3";"3";"0";"0";"5";"0";"1";"1";"2";"1";"0";"3"
"Plan van Gool";"0";"0";"0";"1";"0";"0";"0";"0";"0";"2";"3";"1"
"Rode Kruisbuurt";"4";"0";"0";"0";"0";"0";"0";"0";"1";"0";"0";"1"
"Waterlandpleinbuurt";"5";"4";"2";"1";"3";"1";"2";"1";"1";"0";"0";"4"
"Markengouw-Noord";"0";"0";"0";"0";"0";"0";"0";"0";"0";"0";"0";"0"
"Markengouw-Midden";"1";"0";"1";"1";"0";"0";"1";"0";"0";"0";"0";"0"
"Markengouw-Zuid";"1";"0";"0";"0";"0";"1";"0";"0";"0";"0";"0";"1"
"Werengouw-Noord";"0";"0";"0";"0";"0";"0";"0";"0";"0";"0";"0";"0"
"Werengouw-Midden";"2";"4";"1";"0";"2";"0";"1";"1";"1";"0";"0";"3"
"Werengouw-Zuid";"1";"0";"0";"0";"1";"0";"0";"0";"0";"0";"0";"0"
"Volewijck";"4";"6";"2";"4";"4";"7";"5";"5";"0";"2";"2";"0"
"Bloemenbuurt-Noord";"0";"2";"0";"0";"1";"0";"0";"2";"0";"0";"0";"0"
"Bloemenbuurt-Zuid";"3";"1";"0";"0";"0";"1";"1";"0";"0";"2";"0";"0"
"Van der Pekbuurt";"1";"3";"2";"4";"3";"6";"4";"3";"0";"0";"2";"0"
"IJplein/Vogelbuurt";"3";"2";"4";"2";"4";"2";"4";"4";"1";"2";"4";"1"
"Vogelbuurt-Noord";"0";"0";"0";"0";"1";"0";"1";"0";"0";"1";"1";"1"
"Vliegenbos";"0";"0";"0";"0";"0";"1";"0";"0";"0";"0";"2";"0"
"Vogelbuurt-Zuid";"2";"2";"4";"2";"1";"1";"1";"4";"0";"1";"1";"0"
"IJplein e.o.";"1";"0";"0";"0";"2";"0";"2";"0";"1";"0";"0";"0"
"Tuindorp Buiksloot";"0";"0";"0";"0";"1";"0";"0";"0";"0";"0";"0";"0"
"Blauwe Zand";"0";"0";"0";"0";"1";"0";"0";"0";"0";"0";"0";"0"
"Tuindorp Nieuwendam";"0";"0";"0";"0";"1";"0";"0";"0";"0";"0";"0";"0"
"Tuindorp Nieuwendam-West";"0";"0";"0";"0";"0";"0";"0";"0";"0";"0";"0";"0"
"Tuindorp Nieuwendam-Oost";"0";"0";"0";"0";"1";"0";"0";"0";"0";"0";"0";"0"
"Noordelijke IJ-oevers-Oost";"0";"0";"0";"1";"2";"0";"1";"0";"0";"0";"0";"0"
"Hamerstraatkwartier-West";"0";"0";"0";"0";"2";"0";"1";"0";"0";"0";"0";"0"
"Hamerstraatkwartier-Oost";"0";"0";"0";"1";"0";"0";"0";"0";"0";"0";"0";"0"
"Bedrijventerrein Nieuwendammerdijk";"0";"0";"0";"0";"0";"0";"0";"0";"0";"0";"0";"0"
"Waterland";"0";"0";"0";"0";"1";"0";"0";"1";"0";"1";"1";"2"
"Noorderstrook-West";"0";"0";"0";"0";"0";"0";"0";"0";"0";"1";"1";"0"
"Noorderstrook-Oost";"0";"0";"0";"0";"0";"0";"0";"0";"0";"0";"0";"0"
"Zunderdorp";"0";"0";"0";"0";"0";"0";"0";"1";"0";"0";"0";"1"
"Schellingwoude-West";"0";"0";"0";"0";"1";"0";"0";"0";"0";"0";"0";"1"
"Schellingwoude-Oost";"0";"0";"0";"0";"0";"0";"0";"0";"0";"0";"0";"0"
"Schellingwoude-Noord";"0";"0";"0";"0";"0";"0";"0";"0";"0";"0";"0";"0"
"Zwarte Gouw";"0";"0";"0";"0";"0";"0";"0";"0";"0";"0";"0";"0"
"Holysloot";"0";"0";"0";"0";"0";"0";"0";"0";"0";"0";"0";"0"
"Ransdorp";"0";"0";"0";"0";"0";"0";"0";"0";"0";"0";"0";"0"
"Durgerdam";"0";"0";"0";"0";"0";"0";"0";"0";"0";"0";"0";"0"
"Driemond";"0";"0";"0";"0";"0";"0";"0";"0";"0";"0";"1";"2"
"Landelijk gebied Driemond";"0";"0";"0";"0";"0";"0";"0";"0";"0";"0";"1";"2"
"Dorp Driemond";"0";"0";"0";"0";"0";"0";"0";"0";"0";"0";"0";"0"
"Bloemendalerpolder";"0";"0";"1";"0";"0";"0";"0";"1";"0";"0";"0";"0"
"Weespersluis-Noord";"0";"0";"0";"0";"0";"0";"0";"0";"0";"0";"0";"0"
"Waterrijk";"0";"0";"0";"0";"0";"0";"0";"0";"0";"0";"0";"0"
"Lanenrijk";"0";"0";"0";"0";"0";"0";"0";"0";"0";"0";"0";"0"
"Vechtrijk";"0";"0";"0";"0";"0";"0";"0";"0";"0";"0";"0";"0"
"Leeuwenveld";"0";"0";"1";"0";"0";"0";"0";"1";"0";"0";"0";"0"
"Bedrijventerrein Nijverheidslaan";"0";"0";"0";"0";"0";"0";"0";"0";"0";"0";"0";"0"
"Weesp-Noordwest";"0";"1";"0";"0";"1";"0";"2";"1";"0";"0";"0";"2"
"Bedrijventerrein-Noord Weesp";"0";"0";"0";"0";"0";"0";"0";"0";"0";"0";"0";"0"
"Hogewey-Noord";"0";"0";"0";"0";"0";"0";"0";"0";"0";"0";"0";"0"
"Hogewey-Midden";"0";"1";"0";"0";"0";"0";"0";"0";"0";"0";"0";"0"
"Hogewey-Zuid";"0";"0";"0";"0";"0";"0";"0";"0";"0";"0";"0";"1"
"Weesp Dichtersbuurt";"0";"0";"0";"0";"1";"0";"2";"1";"0";"0";"0";"1"
"Weesp Schildersbuurt";"0";"0";"0";"0";"0";"0";"0";"0";"0";"0";"0";"0"
"Weesp Binnenstad/Zuid";"0";"0";"0";"0";"0";"0";"0";"0";"0";"0";"3";"4"
"Herensingelkwartier";"0";"0";"0";"0";"0";"0";"0";"0";"0";"0";"0";"0"
"Bedrijventerrein Van Houten";"0";"0";"0";"0";"0";"0";"0";"0";"0";"0";"0";"0"
"Weesp Centrum";"0";"0";"0";"0";"0";"0";"0";"0";"0";"0";"3";"4"
"Weesp-Zuid I";"0";"0";"0";"0";"0";"0";"0";"0";"0";"0";"0";"0"
"Weesp-Zuid II";"0";"0";"0";"0";"0";"0";"0";"0";"0";"0";"0";"0"
"De Klomp";"0";"0";"0";"0";"0";"0";"0";"0";"0";"0";"0";"0"
"Aetsveld/Oostelijke Vechtoever";"1";"0";"0";"0";"0";"0";"0";"0";"1";"1";"1";"1"
"Aetsveldsepolder";"0";"0";"0";"0";"0";"0";"0";"0";"0";"0";"0";"0"
"Aetsveld-Zuid";"1";"0";"0";"0";"0";"0";"0";"0";"0";"0";"0";"1"
"Aetsveld-Noord";"0";"0";"0";"0";"0";"0";"0";"0";"1";"0";"0";"0"
"Oostelijke Vechtoever";"0";"0";"0";"0";"0";"0";"0";"0";"0";"1";"1";"0"
"Amstel III/Bullewijk";"9";"10";"16";"12";"9";"5";"4";"10";"2";"4";"13";"24"
"Hoofdcentrum-Zuidoost";"7";"9";"12";"12";"8";"5";"1";"9";"0";"0";"8";"23"
"Amstel III deel C/D-Noord";"0";"0";"2";"0";"0";"0";"1";"0";"0";"2";"0";"0"
"Amstel III deel A/B-Noord";"0";"0";"1";"0";"0";"0";"1";"1";"0";"1";"4";"0"
"Amstel III deel C/D-Zuid";"0";"0";"0";"0";"0";"0";"1";"0";"0";"0";"0";"0"
"Amstel III deel A/B-Zuid";"0";"0";"0";"0";"0";"0";"0";"0";"0";"0";"0";"0"
"AMC";"2";"1";"1";"0";"0";"0";"0";"0";"1";"1";"1";"1"
"Hoge Dijk";"0";"0";"0";"0";"1";"0";"0";"0";"1";"0";"0";"0"
"Venserpolder";"2";"4";"2";"3";"3";"0";"0";"1";"1";"0";"1";"0"
"Venserpolder-West";"2";"2";"1";"1";"1";"0";"0";"0";"0";"0";"0";"0"
"Venserpolder-Oost";"0";"2";"1";"2";"2";"0";"0";"1";"1";"0";"1";"0"
"Amsterdamse Poort e.o.";"4";"5";"6";"6";"2";"3";"7";"4";"2";"3";"3";"5"
"D-buurt";"1";"1";"0";"0";"0";"0";"2";"0";"0";"0";"0";"0"
"F-buurt";"1";"1";"0";"1";"0";"2";"0";"1";"0";"0";"0";"2"
"Amsterdamse Poort";"2";"2";"6";"5";"2";"1";"5";"3";"2";"3";"2";"3"
"Vogeltjeswei";"0";"0";"0";"0";"0";"0";"0";"0";"0";"0";"1";"0"
"Nelson Mandelapark";"0";"1";"0";"0";"0";"0";"0";"0";"0";"0";"0";"0"
"H-buurt";"2";"0";"4";"3";"3";"3";"0";"1";"0";"1";"0";"0"
"Hoptille";"0";"0";"1";"0";"0";"0";"0";"0";"0";"1";"0";"0"
"Rechte H-buurt";"1";"0";"2";"1";"2";"1";"0";"0";"0";"0";"0";"0"
"Hakfort/Huigenbos";"1";"0";"1";"2";"1";"2";"0";"0";"0";"0";"0";"0"
"Huntum";"0";"0";"0";"0";"0";"0";"0";"1";"0";"0";"0";"0"
"Ganzenhoef e.o.";"3";"6";"3";"3";"3";"3";"4";"3";"2";"3";"1";"3"
"E-buurt";"1";"2";"1";"0";"0";"1";"0";"0";"2";"0";"0";"2"
"G-buurt-West";"1";"4";"2";"3";"3";"2";"4";"2";"0";"2";"1";"1"
"G-buurt-Noord";"1";"0";"0";"0";"0";"0";"0";"1";"0";"1";"0";"0"
"Geerdinkhof/Kantershof";"0";"0";"0";"0";"1";"1";"0";"1";"0";"0";"0";"0"
"G-buurt-Oost";"0";"0";"0";"0";"1";"0";"0";"0";"0";"0";"0";"0"
"Grunder/Koningshoef";"0";"0";"0";"0";"0";"0";"0";"1";"0";"0";"0";"0"
"Kantershof";"0";"0";"0";"0";"0";"1";"0";"0";"0";"0";"0";"0"
"Bijlmermuseum";"2";"1";"4";"1";"1";"0";"1";"1";"2";"1";"0";"0"
"Bijlmermuseum-Noord";"0";"0";"0";"0";"0";"0";"0";"0";"0";"0";"0";"0"
"Bijlmermuseum-Zuid";"1";"0";"2";"0";"0";"0";"0";"1";"1";"0";"0";"0"
"De Kameleon e.o.";"1";"1";"2";"1";"1";"0";"1";"0";"1";"1";"0";"0"
"K-buurt";"3";"1";"3";"4";"3";"0";"0";"0";"1";"1";"0";"0"
"Gooise Kant";"0";"0";"0";"0";"0";"0";"0";"0";"0";"0";"0";"0"
"Kortvoort";"2";"1";"1";"1";"2";"0";"0";"0";"0";"1";"0";"0"
"Kelbergen";"1";"0";"2";"1";"0";"0";"0";"0";"1";"0";"0";"0"
"K-buurt-Zuidwest";"0";"0";"0";"0";"0";"0";"0";"0";"0";"0";"0";"0"
"K-buurt-Zuidoost";"0";"0";"0";"2";"1";"0";"0";"0";"0";"0";"0";"0"
"Holendrecht";"2";"1";"5";"1";"3";"1";"6";"3";"2";"0";"2";"0"
"Holendrecht-West";"1";"0";"2";"1";"0";"0";"5";"3";"2";"0";"0";"0"
"Holendrecht-Oost";"0";"0";"0";"0";"0";"0";"1";"0";"0";"0";"0";"0"
"Holendrecht-Zuid";"1";"1";"3";"0";"3";"1";"0";"0";"0";"0";"2";"0"
"Nellestein";"1";"1";"1";"0";"0";"0";"0";"0";"1";"0";"0";"0"
"L-buurt";"0";"0";"1";"0";"0";"0";"0";"0";"0";"0";"0";"0"
"Gaasperpark";"1";"0";"0";"0";"0";"0";"0";"0";"0";"0";"0";"0"
"Gaasperplas";"0";"1";"0";"0";"0";"0";"0";"0";"1";"0";"0";"0"
"Reigersbos";"2";"3";"8";"0";"0";"0";"2";"2";"1";"1";"0";"3"
"Reigersbos 1";"1";"3";"2";"0";"0";"0";"0";"1";"0";"1";"0";"0"
"Reigersbos 2";"1";"0";"4";"0";"0";"0";"2";"0";"1";"0";"0";"3"
"Reigersbos 3";"0";"0";"1";"0";"0";"0";"0";"0";"0";"0";"0";"0"
"Reigersbos 4";"0";"0";"1";"0";"0";"0";"0";"1";"0";"0";"0";"0"
"Gein";"3";"2";"1";"0";"2";"2";"1";"1";"1";"2";"3";"0"
"Gein 1";"1";"1";"1";"0";"2";"1";"1";"0";"0";"1";"1";"0"
"Gein 2";"1";"0";"0";"0";"0";"0";"0";"1";"0";"1";"1";"0"
"Gein 3";"1";"1";"0";"0";"0";"0";"0";"0";"1";"0";"0";"0"
"Gein 4";"0";"0";"0";"0";"0";"1";"0";"0";"0";"0";"1";"0"
"Bron: Politie"
